version https://git-lfs.github.com/spec/v1
oid sha256:322fbd05db3c539a18de2bb9917ac5e1367e82c160357bf6f551f1a43feecf2a
size 69039
